32803.74,10964.47,14007.56,13104.4,44247.11,-395,1412,10,14952,-3704,8084,C
28593.75,9591.35,13682.25,13364.14,37551.38,231,-319,-165,15148,-2632,8068,C
30805.97,8976.56,13682.25,13155.96,43346.01,48,-59,-355,15048,-2520,8380,C
33560.13,9591.35,13469.39,13311.81,32953.12,29,-142,-283,15112,-2720,8400,C
33254.72,10405.63,13628.73,13207.72,38096.89,43,-194,-312,15064,-2768,8068,C
33103.45,9591.35,13311.81,12950.82,59490.29,206,-237,-210,15128,-2880,8072,C
30943.12,9630.82,13682.25,12598.92,65340.31,196,-345,-178,15036,-2704,8116,C
27983.19,9395.87,13416.67,12549.37,40397.11,160,-224,-211,15112,-2812,8280,C
31081.08,10321.78,13469.39,12849.36,40197.84,371,-8,-8,14536,-2988,9592,C
31359.52,9512.78,13735.96,13053.01,50297.87,309,-126,-103,14808,-2832,8868,C
31500,9434.71,13416.67,12549.37,45176.47,314,-317,162,15048,-2428,8572,C
27506.93,9830.1,13522.3,12950.82,50576.93,447,-519,-87,14996,-2680,8380,C
27983.19,10363.64,13416.67,12549.37,41415.44,162,-247,-350,15060,-2784,8228,C
31500,10280.06,13364.14,12698.56,40397.11,318,-364,-221,15144,-2748,8244,C
27389.5,9395.87,13364.14,12549.37,40397.11,201,-215,-228,15068,-2864,8252,C
27389.5,9395.87,13416.67,12549.37,41415.44,73,-126,-288,15308,-2268,7812,C
27389.5,9203.47,13575.42,12648.65,46380,-87,-183,-441,14992,-2988,8480,C
28347.46,9830.1,13522.3,12698.56,43568.71,-17,-176,-241,14976,-3012,8656,C
27506.93,9789.98,13575.42,12648.65,42044.61,265,258,-413,15260,-3076,6940,C
29221.9,10280.06,13522.3,12598.92,42044.61,39,-257,-293,15012,-2900,8624,C
27506.93,9789.98,13416.67,12900,48409.09,-6,-146,-355,15140,-2864,8084,C
35147.06,16252.54,27041.1,15937.5,36666.67,-5306,4227,3522,15672,-4904,8396,C
36666.67,20357.14,31081.08,20034.25,46135.45,202,41,-112,13828,-6916,7932,C
48937.5,18725.27,23458.65,19252.23,38466.9,335,-243,-204,15980,-2752,3580,A
48937.5,18142.55,25488.13,18725.27,38466.9,132,358,-96,16224,-2380,3728,A
59130.43,18142.55,23555.27,19024.39,39608.54,-126,252,-100,16148,-2460,4704,A
48937.5,18214.29,23076.92,19024.39,38281.25,39,-390,-342,16180,-2656,5308,A
48937.5,19024.39,21975.9,18000,38281.25,379,-335,-236,15992,-2872,4920,A
48672.2,18142.55,23458.65,19175.95,32803.74,254,-548,-424,15748,-3068,5052,A
48409.09,17858.67,23750,19100,38466.9,96,113,-147,16072,-2508,5032,A
51142.25,18000,23458.65,18358.69,30399.41,-319,-1352,-1048,16088,-2812,5764,A
62500,21362.56,28717.95,24651.16,41623.61,427,-1914,284,16188,-3544,4612,A
58774.04,20520.83,28842.86,24045.8,39608.54,-30,-587,-369,16228,-2804,3896,A
57382.08,20520.83,33103.45,23652.39,39803.57,492,-328,-350,16004,-3332,3424,A
56705.61,20275.86,27041.1,23076.92,30669.64,261,-146,-83,16132,-3140,3484,A
56705.61,20114.41,28717.95,25170.16,46626.5,454,-279,-97,16024,-2896,4536,A
56372.09,20114.41,26698.37,23555.27,42044.61,307,-760,-224,15924,-3720,4380,A
55714.29,20034.25,26472.97,23458.65,41623.61,-77,177,-102,15952,-3108,4056,A
56372.09,20034.25,26585.37,25065.28,41415.44,257,175,314,16100,-3828,5052,A
58421.05,20034.25,27156.59,23946.7,39803.57,923,-347,11,15836,-3500,3428,A
54750,19717.19,28717.95,21798.56,40000,880,34,75,16404,-3788,3836,A
63692.31,21622.91,28347.46,23555.27,39803.57,1234,-914,-574,15648,-3916,2900,A
60965.34,20769.23,26472.97,23750,41415.44,538,-268,-141,15780,-3344,3380,A
58421.05,20357.14,25920,23362.5,38281.25,361,-894,-346,16320,-4104,2784,A
51428.57,19560.81,26029.41,23458.65,36321.07,1114,1102,-461,16400,-3732,2932,A
59853.66,21975.9,33103.45,23171.64,36321.07,2591,-1816,-208,15728,-3212,3260,A
51428.57,19175.95,26361.18,23171.64,35980.07,440,-919,359,16872,-1228,2680,A
43346.01,19954.44,26472.97,23555.27,34182.7,1305,-1033,233,15848,-3416,3920,A
30669.64,10363.64,14228.57,13843.99,30943.12,484,701,144,15448,-1616,8332,B
35147.06,11686.96,14738.37,14340.34,30943.12,300,-215,-161,14972,-1336,8600,B
28593.75,12063.49,14854.09,14566.47,40197.84,51,-490,-400,14900,-1732,8880,B
35311.48,10789.92,14396.55,13682.25,51428.57,211,-806,-508,15004,-1400,8960,B
33560.13,8680.55,13628.73,11921.05,48409.09,-720,-73,-56,15076,-1868,8544,B
30265.49,9991.86,13628.73,11733.45,48148.15,303,284,100,14864,-1296,9428,B
30534.13,8939.16,13311.81,11365.98,48148.15,201,47,-250,15024,-1532,8744,B
27272.73,9051.73,13001.82,11096.94,44019.23,1114,-3974,16,15080,-3128,8032,B
23555.27,9165.35,12849.36,11502.59,48937.5,-2986,1781,772,15576,-3208,7568,B
26698.37,8571.43,12015.85,11096.94,64097.94,-2294,-202,-94,14928,-3212,8328,B
28717.95,7834.82,11548.44,11141.4,70726.26,-1870,-233,415,15396,-3852,5716,B
30805.97,8463.3,11548.44,12063.49,123243.24,2430,1009,-267,15412,-4052,5188,B
26250,8571.43,11275.69,11365.98,64921.88,-147,83,-348,15224,-3748,6916,B
24651.16,8006,12111.31,11365.98,62893.4,-633,-1066,550,15040,-2640,9316,B
26250,8040.54,11594.46,11275.69,82120.26,377,-363,-61,15636,-3640,5920,B
24447.3,8427.48,11230.77,10920.61,64921.88,-1600,-1611,-597,16052,-2764,3952,B
29737.61,8976.56,11594.46,10833.33,71207.87,-2144,-385,-454,15624,-3508,5544,B
28717.95,8499.23,12549.37,11052.63,76886.23,599,19,-43,15804,-3156,5300,B
26139.41,8571.43,11502.59,12111.31,60220.59,254,200,105,15868,-2868,5616,B
26698.37,8463.3,11502.59,11275.69,38281.25,-34,-518,-433,15948,-3544,6160,B
24651.16,8499.23,11686.96,11686.96,123243.24,433,-758,-212,15668,-3636,5720,B
24651.16,9051.73,11275.69,11320.75,58071.43,92,-543,-112,15688,-3900,5324,B
27743.73,8571.43,12450.81,10920.61,72685.71,298,-756,-269,15852,-3736,5452,B
26139.41,9127.36,11968.37,11873.91,42905.66,75,-674,-48,15660,-3780,5172,B
24145.41,9051.73,11733.45,10660.53,53504.46,535,-486,-69,15740,-3472,5728,B
22610.29,8607.69,11275.69,11141.4,63290.82,84,413,-237,15624,-3028,6144,B
55714.29,21276.6,28968.48,12304.27,64921.88,162,-231,-484,15776,-1724,6600,D
54434.39,21021.13,28347.46,12111.31,63290.82,206,-149,-410,15464,-2116,6352,D
44941.41,17788.46,23076.92,11968.37,65340.31,173,-236,-123,15328,-2240,6984,D
44941.41,17858.67,23362.5,12015.85,63692.31,560,-429,-367,15448,-2480,7232,D
44019.23,17441.86,22610.29,11873.91,66622.34,198,-80,-223,15704,-2108,6392,D
44019.23,17510.59,22888.89,11921.05,66190.48,123,-564,-285,15804,-1996,6500,D
42687.97,16836.1,21975.9,11733.45,60965.34,-486,465,-1,16428,-1100,7008,D
44247.11,17579.62,22795.56,11826.92,58071.43,-333,-309,288,16084,-2572,5844,D
43346.01,17718.55,22518.34,11873.91,56041.67,-299,-141,-1074,15376,-3496,6092,D
40000,16062.75,21448.93,11733.45,59490.29,-511,-57,-193,15768,-2528,6136,D
41003.65,16189.02,21191.04,12063.49,52008.73,-1229,361,-692,15468,-3224,5620,D
41623.61,16380.37,21021.13,11780.1,48937.5,265,-662,-5,16344,-1628,2420,D
40800,16062.75,21105.88,11780.1,45176.47,-2472,310,-972,16788,-2948,2012,D
40800,15813.25,20769.23,11733.45,46875,-1246,155,-517,16044,-2096,3496,D
41415.44,15386.14,20438.8,11780.1,47889.34,-703,100,-767,16292,-2628,3748,D
39031.69,16000,21448.93,11594.46,51428.57,-355,55,287,16300,-1816,3804,D
48148.15,16639.18,21887.02,11968.37,53200,1026,-721,-308,16172,-2680,2804,D
51428.57,18799.56,22610.29,11826.92,62110.55,-1315,499,7,16392,-2596,4388,D
44247.11,17035.49,22154.96,11921.05,65763.16,691,-198,-473,16364,-1804,4340,D
54121.62,19954.44,25920,23362.5,69313.19,36,-68,133,16336,-1248,3324,E
55068.49,19954.44,25811.17,23266.83,67945.95,55,-256,-104,16312,-1392,3656,E
52599.12,19328.86,24960.94,24346.15,68852.46,-198,-286,-403,16324,-580,432,E
52302.63,19328.86,24857.14,24245.52,67945.95,168,-183,-120,16292,-32,580,E
54121.62,19328.86,24857.14,23652.39,69779.01,-2609,568,587,16304,332,-952,E
53504.46,19252.23,24753.88,23458.65,65340.31,867,-286,-309,16172,-72,72,E
52008.73,19100,24447.3,23362.5,63692.31,-3901,2660,-334,16064,1376,2932,E
51717.39,19024.39,24346.15,22982.67,67500,-97,-114,-9,16120,-20,4424,E
53504.46,19328.86,25811.17,25488.13,60591.13,594,-1749,-94,17048,-24,3360,E
52599.12,19328.86,25702.92,22888.89,58774.04,4848,120,452,15556,-3404,1964,E
57382.08,19252.23,25065.28,23652.39,68396.74,552,-422,-467,16152,-1908,244,E
55068.49,19024.39,24548.97,23362.5,65340.31,443,-49,506,16420,-2952,1316,E
53811.66,18874.17,24447.3,23362.5,64097.94,-547,1231,-269,15440,-4092,-20,E
53811.66,18725.27,24245.52,23076.92,68396.74,-407,135,166,15520,-4172,300,E
52898.23,20275.86,26585.37,23848.1,63692.31,168,22,64,16188,-1340,236,E
52599.12,20034.25,26361.18,23750,61725,310,-61,-375,16336,-1200,916,E
52599.12,20034.25,26250,23750,62893.4,68,-189,-189,16312,-1408,764,E
52898.23,20357.14,25811.17,23171.64,60591.13,-169,-547,-305,16256,-1408,384,E
52008.73,20194.95,25595.24,24045.8,60220.59,177,-411,-351,16108,-956,204,E
54434.39,19875,26361.18,24857.14,67500,-341,744,-407,16516,-700,1460,E
26926.23,8976.56,11826.92,18358.69,59853.66,-177,-147,-217,16144,-2464,1908,F
26926.23,8644.07,11873.91,18286.34,59130.43,254,-256,137,16220,-2456,2020,F
26926.23,8717.16,11780.1,18142.55,58071.43,253,-249,190,15996,-3820,4096,F
27156.59,8680.55,11686.96,17929.18,57725.12,126,-153,-680,15848,-3576,4716,F
27156.59,8680.55,11780.1,18000,55714.29,-159,-328,-17,15748,-4508,4576,F
26585.37,8571.43,11780.1,18000,57042.25,341,-127,-39,15532,-5088,3836,F
26698.37,8607.69,11826.92,17929.18,57042.25,489,-229,-287,15640,-4980,4000,F
27156.59,8680.55,11733.45,17929.18,59853.66,2077,-2169,76,14980,-5880,3104,F
26811.99,8644.07,11733.45,18142.55,58071.43,-402,-139,-70,15508,-4636,4336,F
26926.23,8644.07,11780.1,17858.67,58071.43,573,-476,-180,15636,-4904,4840,F
26698.37,8644.07,11686.96,18071.12,56041.67,-62,-264,-295,15308,-5244,3384,F
26698.37,8680.55,11686.96,17929.18,58071.43,-280,-102,-331,15744,-4940,4020,F
26811.99,8680.55,11780.1,17718.55,57382.08,-41,-698,-178,15452,-4900,4132,F
26926.23,8680.55,11733.45,17788.46,56705.61,179,-168,-240,15516,-5140,4180,F
27041.1,8680.55,11780.1,18000,58421.05,356,-171,-276,15292,-4652,3092,F
27041.1,8680.55,11733.45,17858.67,58421.05,257,-290,-250,15568,-5324,3860,F
27272.73,8717.16,11873.91,17929.18,57725.12,370,-447,-359,15524,-5416,4008,F
27041.1,8717.16,11968.37,17929.18,57382.08,43,-43,-281,15608,-5380,4032,F
27506.93,8717.16,11968.37,17858.67,56372.09,-110,-386,-174,15484,-5348,4140,F
27743.73,8753.87,11873.91,18000,60965.34,186,-1645,82,15480,-4840,3696,F
69779.01,22426.83,29478.26,12159.29,26361.18,412,117,-1557,7516,13984,5024,G
67500,22702.7,30265.49,11780.1,26361.18,2321,-184,-523,6996,14572,5072,G
64921.88,21710.53,28968.48,11780.1,26361.18,420,1270,-49,6648,14336,5584,G
62893.4,21362.56,28347.46,11780.1,26250,-498,-1060,-137,6512,14768,4732,G
63290.82,21191.04,28347.46,11826.92,26472.97,389,126,-301,6512,14488,5320,G
64921.88,21105.88,28842.86,13104.4,26361.18,1006,-703,118,6548,14912,5260,G
70726.26,21191.04,28225.35,13053.01,26250,-757,690,53,6516,15224,5244,G
65340.31,21021.13,28347.46,13311.81,26926.23,326,-1939,-285,6592,15708,5460,G
64921.88,20603.25,27743.73,12159.29,25811.17,3389,760,-1737,6696,14720,6560,G
64507.77,20520.83,27625,12304.27,25811.17,-125,-680,-88,6852,14884,4900,G
63692.31,20438.8,27272.73,12450.81,25702.92,1028,-656,10,6400,16280,3480,G
63290.82,20520.83,27272.73,13416.67,25488.13,689,-900,-545,5332,15068,2900,G
61725,20275.86,26926.23,12159.29,25488.13,1164,1224,-682,5792,15100,3640,G
61343.28,20194.95,26926.23,12304.27,25381.58,96,-864,206,5584,14836,3372,G
67500,21362.56,28470.25,12549.37,26585.37,-176,144,-328,6064,15232,104,G
67500,21276.6,27272.73,12207.45,25381.58,-1143,259,120,7088,15900,1792,G
65340.31,20769.23,27389.5,11968.37,25488.13,1497,-159,-1227,6568,14832,1948,G
63692.31,20686.05,27389.5,12352.94,26029.41,-41,300,-393,6292,15512,1108,G
66622.34,20686.05,27389.5,12598.92,25811.17,-1090,-85,97,6560,15968,1188,G
60591.13,19875,29221.9,12304.27,29607.56,293,-749,-495,6252,15332,2172,G
59853.66,19875,26250,12304.27,28103.93,678,-1015,167,5420,14552,3912,G
60591.13,19795.92,26139.41,12304.27,27272.73,387,-430,-407,5420,15404,2896,G
60220.59,19717.19,26029.41,12015.85,27272.73,381,203,-52,5908,15648,2648,G
54750,18504.37,13155.96,11873.91,72187.5,198,-684,33,3416,15636,5548,H
53811.66,18431.37,13259.67,11826.92,67058.82,700,-1013,103,3652,15584,4684,H
53811.66,18358.69,13001.82,11873.91,65340.31,-524,-274,-350,3548,15840,2968,H
52898.23,18286.34,13053.01,11921.05,67500,-415,64,-68,3440,16520,4292,H
53504.46,18799.56,13155.96,11826.92,67500,579,-846,-319,3444,16200,3916,H
52898.23,18651.32,13155.96,11826.92,65340.31,-364,-750,-188,3852,15840,4692,H
52599.12,18504.37,13207.72,11826.92,65340.31,-228,32,-379,2964,16640,3532,H
52302.63,18431.37,13259.67,11826.92,64097.94,645,-234,197,3496,15820,4520,H
52302.63,18431.37,13259.67,11826.92,70250,268,-844,-421,3264,16140,3828,H
56041.67,18799.56,12748.64,11780.1,66190.48,445,-574,112,3800,15900,4132,H
55389.91,18725.27,12849.36,11780.1,67058.82,-899,-2616,935,3692,15848,4768,H
51717.39,18142.55,12159.29,11780.1,63290.82,414,392,21,4040,16292,3684,H
51428.57,18071.12,12352.94,11733.45,59853.66,1063,-479,-697,4012,15740,4808,H
51428.57,18000,12401.79,11733.45,59853.66,350,-221,-378,3892,16008,4272,H
52898.23,18214.29,12450.81,11780.1,64921.88,269,308,-499,3044,16440,2432,H
52599.12,18071.12,12500,11780.1,62110.55,1499,-499,-142,4108,15408,3708,H
52302.63,18071.12,12598.92,11686.96,62110.55,1005,551,-566,3472,16744,2180,H
50021.19,17718.55,12352.94,11733.45,60591.13,750,340,-379,3576,16188,2948,H
49746.84,17648.94,12207.45,11594.46,53504.46,440,-48,248,1168,16396,4944,H
49205.02,17648.94,12304.27,11686.96,52599.12,665,187,-26,-524,16292,9112,H
48672.2,17579.62,12352.94,11686.96,54121.62,-2050,99,-1117,1848,15532,3132,H
57382.08,19252.23,12450.81,11873.91,60591.13,1399,-810,-25,2352,16692,4272,H
56372.09,19100,12450.81,11921.05,60220.59,-26,-335,-751,2568,15944,4296,H
52898.23,18725.27,12648.65,11921.05,59130.43,-103,-705,-304,2452,16000,4500,H
51428.57,18504.37,12950.82,11921.05,58421.05,136,-195,-120,2516,16420,4036,H
27041.1,20438.8,28968.48,28842.86,63290.82,738,264,-337,16048,-2148,2964,I
27156.59,20114.41,28717.95,28593.75,61725,298,-11,-317,16276,-2152,3364,I
27156.59,20034.25,28593.75,28593.75,61343.28,383,-434,-357,16052,-2544,3116,I
26811.99,19252.23,27743.73,27743.73,55389.91,-408,448,-388,15796,-2848,3264,I
27041.1,19100,27272.73,27506.93,53504.46,-1312,521,706,16388,-2612,4660,I
26926.23,19024.39,27389.5,27041.1,54121.62,-424,-316,43,16148,-2796,3776,I
26811.99,18949.11,27156.59,26811.99,52898.23,893,-21,-343,16244,-2368,3840,I
26926.23,18949.11,26811.99,26926.23,54121.62,-60,-46,-393,16176,-2728,3384,I
26585.37,20603.25,29737.61,28968.48,57382.08,176,-769,-1240,16740,-2984,3088,I
26585.37,19954.44,28968.48,28103.93,55389.91,131,-483,-277,16208,-2056,3176,I
26698.37,19795.92,28717.95,27983.19,53504.46,-121,-61,108,16372,-1888,3668,I
27743.73,20769.23,30000,28842.86,59490.29,271,-320,-437,16104,-1716,3660,I
27272.73,20438.8,29868.42,28470.25,58071.43,-628,-496,325,16020,-2688,2712,I
27156.59,20357.14,30132.36,28225.35,58421.05,2,-33,-187,16252,-2148,2836,I
29868.42,20034.25,28593.75,27625,55068.49,-1625,-170,427,16368,-2372,3168,I
27272.73,19252.23,28470.25,27863.13,52008.73,-47,-583,30,15936,-3036,2896,I
27156.59,19175.95,28103.93,27156.59,49746.84,271,-350,-130,16172,-2764,2856,I
27156.59,19024.39,27983.19,27041.1,52302.63,-89,-180,-477,16348,-2764,3180,I
27272.73,18949.11,27625,26698.37,52302.63,-3,-269,334,17252,-1760,3040,I
27041.1,19024.39,27743.73,28347.46,52302.63,110,-46,-169,16292,-2508,3356,I
27156.59,19024.39,27743.73,26811.99,52302.63,255,-238,-224,16028,-2772,2376,I
27041.1,18874.17,27389.5,26585.37,52008.73,642,-362,-725,16364,-3212,2788,I
27041.1,19954.44,28225.35,27272.73,54434.39,338,-386,-310,16284,-2916,3156,I
57725.12,19717.19,12648.65,11686.96,46135.45,2534,-337,636,13660,6696,8080,K
56041.67,19405.83,12950.82,11640.63,30805.97,422,-202,-423,14820,6248,5792,K
55389.91,19252.23,13416.67,11686.96,34983.71,359,-376,-609,15420,4864,5564,K
54750,19100,13259.67,11733.45,34660.2,-354,-885,-222,15700,4588,4456,K
55389.91,19252.23,13053.01,11640.63,41003.65,1852,-177,-490,15824,4512,4892,K
56372.09,19875,12950.82,11594.46,40197.84,-1455,162,-395,15324,5056,4836,K
56041.67,19405.83,12900,11594.46,39414.89,592,-294,-204,15284,4648,5708,K
56041.67,19175.95,14566.47,11594.46,40397.11,45,-18,-183,15628,4624,5536,K
45652.17,19328.86,13789.87,11640.63,39031.69,111,-185,42,15468,4768,5152,K
56705.61,19252.23,12698.56,11594.46,38096.89,3,442,-428,15420,4620,5356,K
56372.09,19252.23,12450.81,11594.46,37913.79,612,51,-412,15464,4600,5472,K
55389.91,19252.23,12549.37,11594.46,38466.9,424,11,-426,15380,4568,5292,K
59130.43,19328.86,15326.08,11686.96,37731.96,2144,382,-845,15444,4856,5384,K
58774.04,19100,12304.27,11594.46,37193.88,574,-117,-181,15012,5112,5408,K
58071.43,19024.39,12450.81,11548.44,37731.96,-99,-62,-155,15140,5300,5804,K
58421.05,19100,12748.64,11594.46,38466.9,189,-387,-181,14960,5220,5900,K
57725.12,19100,12900,11594.46,38096.89,232,-253,-189,15048,5220,5860,K
57382.08,19024.39,14738.37,11686.96,33254.72,215,-1246,-264,15548,5024,5328,K
56372.09,18949.11,13469.39,11640.63,55068.49,-288,-43,-263,15200,5184,5800,K
56705.61,18874.17,13628.73,11640.63,56041.67,537,-377,-117,15208,4784,6012,K
56041.67,18874.17,14854.09,11594.46,51717.39,-113,649,-744,15140,5000,6464,K
60965.34,19638.82,28103.93,12500,24857.14,-1919,1189,286,16300,-1960,2552,L
62500,19560.81,27506.93,13207.72,26139.41,649,-1296,236,16156,-3240,4400,L
60220.59,19795.92,27625,13682.25,25488.13,1,1453,353,16204,-1180,4044,L
60591.13,19717.19,27506.93,13207.72,25065.28,-1113,-321,-251,16220,-1816,3964,L
64507.77,19483.14,27156.59,13522.3,25170.16,936,-72,-242,16368,-2328,3760,L
62893.4,19483.14,27041.1,13311.81,25065.28,106,-281,-189,16600,-1696,3964,L
54750,19405.83,26926.23,13311.81,26139.41,-1708,-520,-175,16652,-1932,2984,L
51717.39,18725.27,25702.92,12352.94,28225.35,-132,-177,-353,16404,-1732,2228,L
51428.57,18651.32,25595.24,12401.79,29094.83,235,206,-94,16148,-2132,3012,L
52302.63,18358.69,25170.16,12159.29,28717.95,-854,1428,548,15776,-1740,3924,L
51428.57,18358.69,25170.16,12207.45,26029.41,-37,-154,-133,16120,-3064,4632,L
51428.57,18286.34,25170.16,12255.77,26698.37,335,75,-274,15944,-2616,4788,L
51717.39,18286.34,25065.28,12207.45,25595.24,-201,-585,-240,15892,-3312,4476,L
55389.91,18358.69,24960.94,12304.27,25702.92,305,-947,-137,15828,-3256,4832,L
53200,18286.34,24857.14,12304.27,26698.37,114,-44,-950,15644,-3760,3400,L
53200,18286.34,24857.14,12255.77,26585.37,357,210,-547,15172,-4708,2532,L
53811.66,18358.69,24857.14,12352.94,26472.97,487,768,-433,15284,-4388,1496,L
52599.12,18358.69,24753.88,12352.94,26361.18,514,1429,-709,15924,-3496,3604,L
53200,18286.34,24753.88,12304.27,26585.37,124,-486,215,15560,-4116,3092,L
52898.23,18286.34,24960.94,12159.29,26139.41,131,-238,-666,15832,-3660,3196,L
54121.62,18577.68,25065.28,12401.79,25381.58,456,-887,-484,15764,-3364,3604,L
53811.66,18577.68,24960.94,12598.92,26029.41,167,-1099,83,16872,-3244,4028,L
52302.63,18431.37,24960.94,12159.29,26472.97,-541,-391,242,16168,-3144,3028,L
53504.46,18431.37,24960.94,12352.94,26250,129,-498,-217,16072,-3248,3768,L
57725.12,18504.37,24857.14,12900,26698.37,549,-502,-343,16076,-3464,3460,L
50858.37,17035.49,21021.13,21448.93,56705.61,926,143,1639,15664,-2608,4168,M
52302.63,17441.86,21191.04,21535.71,58421.05,-1660,-256,146,15984,-2924,3628,M
52008.73,17305.27,20520.83,21105.88,56041.67,-129,-1201,-501,16872,-2488,3588,M
53200,17648.94,21021.13,21021.13,57382.08,-471,297,380,16148,-2132,2960,M
51428.57,17035.49,20520.83,20769.23,56372.09,695,-282,-230,16412,-2188,2804,M
52008.73,17102.51,20438.8,20769.23,56041.67,316,-465,-221,16404,-2064,2624,M
53200,16836.1,17579.62,18874.17,60591.13,561,-839,-722,16488,-2132,2744,M
51717.39,15875.25,18214.29,18651.32,62500,2300,-75,-1343,16508,-2000,2792,M
49205.02,13416.67,16574.07,17102.51,58421.05,152,-88,-264,16496,-1416,3228,M
49205.02,16062.75,20686.05,22065.22,58774.04,610,22,-183,16172,-1472,3536,M
50021.19,15875.25,20034.25,20769.23,58774.04,296,-334,-177,16292,-1776,3232,M
48937.5,15875.25,19875,20686.05,58774.04,110,-352,-76,16352,-1720,3556,M
49205.02,15813.25,19875,20603.25,58774.04,298,-252,-263,16324,-1912,3580,M
49205.02,15813.25,19795.92,20520.83,58421.05,65,-322,-210,16392,-1904,3272,M
48937.5,15813.25,19875,20438.8,59130.43,83,-208,-226,16224,-2008,3416,M
48672.2,16509.24,21105.88,21622.91,59130.43,344,-417,-179,16260,-1708,3508,M
49205.02,16836.1,21535.71,21362.56,59130.43,751,-577,-264,16316,-1380,3216,M
49205.02,16770.19,21535.71,21191.04,59490.29,85,-218,-133,16288,-1716,2612,M
52008.73,17929.18,21798.56,21021.13,62893.4,-84,-897,234,16348,-1760,2152,M
51717.39,17788.46,21622.91,21021.13,61725,-148,-470,-142,16368,-1836,2572,M
51142.25,17858.67,21448.93,20852.8,60220.59,411,-250,-300,16352,-1660,2428,M
51142.25,17579.62,21191.04,20686.05,59130.43,623,-99,-447,16244,-1756,2900,M
50576.93,17441.86,21105.88,20603.25,59853.66,972,-134,-668,16072,-1868,3224,M
50021.19,18214.29,22610.29,22795.56,45413.38,-2240,464,461,16096,-1148,5500,N
49474.79,18142.55,22245.15,22335.77,44708.17,-2375,356,-427,16060,-932,6068,N
48937.5,18071.12,22154.96,22245.15,44708.17,9,-341,-26,15868,-1656,6012,N
48409.09,18071.12,21975.9,22335.77,47632.65,-1837,956,416,15604,-1840,6088,N
47889.34,17858.67,21710.53,21798.56,46380,-411,-186,-69,15820,-2112,6156,N
45176.47,17648.94,22702.7,21975.9,48148.15,-734,950,116,16008,-2076,6184,N
44941.41,17579.62,22426.83,21798.56,48148.15,531,-376,-313,16084,-2104,5976,N
48409.09,17373.42,22518.34,22154.96,48937.5,799,-541,-613,15684,-2012,5184,N
49474.79,18000,23652.39,23266.83,50021.19,3432,365,-843,14968,-1936,4228,N
47632.65,17510.59,22610.29,22426.83,50021.19,336,-90,-39,15912,-1244,5700,N
47125.5,17373.42,22426.83,22245.15,49205.02,8,-192,-460,16048,-1500,4668,N
46135.45,17373.42,22245.15,22065.22,49474.79,133,-449,-136,16028,-1004,5456,N
47378.05,17373.42,22245.15,22154.96,50021.19,2668,-2065,-445,15984,-1344,5136,N
46626.5,17579.62,22610.29,23652.39,47125.5,1115,739,-653,15604,-760,5984,N
46380,17305.27,22154.96,22795.56,47378.05,316,-79,-238,15988,-1020,5868,N
51142.25,18142.55,21362.56,21887.02,50021.19,623,48,-661,16272,-476,5460,N
49205.02,17579.62,21448.93,21535.71,51142.25,-972,495,-233,15996,-1384,4368,N
48148.15,17648.94,21276.6,21622.91,50297.87,-1678,-301,3,16076,-1428,4700,N
47889.34,17579.62,21191.04,21535.71,49746.84,38,-304,-187,16160,-848,4884,N
55068.49,17858.67,21191.04,21798.56,50858.37,369,-337,-205,16148,-1480,5104,N
55389.91,17858.67,21105.88,21975.9,51142.25,272,-335,-242,16152,-1500,5032,N
52898.23,17648.94,21105.88,21535.71,51142.25,174,-500,138,16052,-1412,5004,N
35980.07,14340.34,20275.86,17035.49,61725,820,641,1520,14212,-2788,3844,O
35476.97,14340.34,20520.83,17305.27,60220.59,-955,32,91,15532,-3184,6292,O
34500,14173,20114.41,17169.81,60965.34,349,-47,101,15292,-3768,6900,O
35811.26,14396.55,20603.25,17648.94,59130.43,125,-525,-58,15396,-3840,6736,O
35147.06,14173,20357.14,17510.59,58774.04,1054,-108,-265,15496,-3408,6812,O
35147.06,14173,20438.8,17237.39,61725,509,-741,-365,15756,-3260,6572,O
33103.45,13207.72,18725.27,16316.32,57042.25,-1768,479,337,15920,-3304,5300,O
33406.94,13469.39,19100,16574.07,60965.34,997,37,-870,14744,-5900,4836,O
33560.13,13469.39,19024.39,16574.07,59490.29,-344,-487,-409,15756,-3556,6160,O
33560.13,13469.39,19024.39,16639.18,59130.43,-2104,713,-368,14532,-4312,5608,O
33560.13,13469.39,19024.39,16639.18,58071.43,-457,525,-701,14548,-4636,5116,O
33560.13,13469.39,19100,16639.18,59490.29,-111,-452,-184,15492,-3724,5836,O
33714.29,13469.39,18949.11,16639.18,58774.04,-44,-132,-254,15288,-3836,6024,O
33869.43,13522.3,19252.23,16704.55,58774.04,-463,-204,-464,15740,-3716,6000,O
35476.97,13843.99,19328.86,16770.19,59130.43,656,-189,-231,15324,-3972,6176,O
34500,13735.96,19175.95,16704.55,57725.12,68,-19,-113,15216,-4008,6776,O
34500,13735.96,19252.23,16704.55,57382.08,115,-228,-207,15316,-4068,6772,O
35311.48,13952.83,19252.23,16509.24,54434.39,444,-198,-155,15076,-4252,7064,O
35147.06,13898.31,19175.95,16509.24,56705.61,-39,-467,-113,15324,-4000,6904,O
35147.06,13898.31,19175.95,16509.24,55714.29,19,-582,-219,15316,-4392,6700,O
35147.06,13898.31,19175.95,16574.07,55714.29,-275,129,-378,15244,-4448,6296,O
34983.71,13843.99,19175.95,16509.24,55389.91,-50,-178,-170,15188,-4292,6696,O
34983.71,13843.99,19252.23,16509.24,56041.67,71,-430,-116,15372,-4164,7228,O
34983.71,13843.99,19175.95,16509.24,55068.49,146,-927,-47,15320,-4024,6492,O
48672.2,17102.51,14623.55,11968.37,43125,628,-491,333,-5280,4844,16460,P
48672.2,17035.49,14566.47,11968.37,43125,-1465,-522,-1064,-4844,5324,16840,P
48937.5,17035.49,14566.47,12015.85,42687.97,-365,-88,-662,-5408,5240,16900,P
48672.2,16968.75,14566.47,12063.49,42257.46,298,-191,-377,-5200,5020,16632,P
48409.09,17035.49,14566.47,12063.49,42257.46,111,-217,-348,-5412,5252,16800,P
48148.15,16968.75,14566.47,12063.49,42687.97,379,-132,-245,-5260,5272,16888,P
47889.34,16968.75,14566.47,12015.85,42044.61,-256,-228,-437,-5508,5488,16572,P
48148.15,16968.75,14566.47,12063.49,41833.33,226,-553,-164,-5552,5720,16852,P
48148.15,17035.49,14509.62,12015.85,41833.33,17,-1274,105,-5992,5624,16144,P
61725,17858.67,14509.62,11640.63,39031.69,48,11,-440,-4952,5240,15884,P
64097.94,18286.34,13575.42,11686.96,38842.11,-692,508,-227,-5692,5456,16124,P
61725,18000,13735.96,11733.45,38281.25,489,-578,-295,-5608,5552,16640,P
62500,18071.12,14680.85,11733.45,39222.61,-161,-284,-536,-5624,5940,15648,P
62110.55,18000,14738.37,11733.45,39608.54,193,-78,-201,-5760,5964,16436,P
61725,17858.67,12900,11733.45,39414.89,-25,-247,-83,-5476,5668,16440,P
60591.13,17788.46,13053.01,11733.45,41003.65,15,-718,-263,-5380,5756,16676,P
59853.66,17788.46,13104.4,11780.1,41208.79,505,-109,14,-4836,5212,16440,P
60220.59,17788.46,13053.01,11780.1,42471.91,202,-542,-223,-5368,5656,16736,P
60220.59,17718.55,13104.4,11826.92,40397.11,-22,-229,-418,-5028,5712,16360,P
59490.29,17648.94,14738.37,11780.1,40597.83,310,-62,-176,-5884,5836,17000,P
59130.43,17648.94,14680.85,11826.92,40000,-610,-632,-687,-5264,6976,16512,P
59130.43,17718.55,14738.37,11921.05,40197.84,-959,730,1099,-4836,5132,16072,P
58421.05,17579.62,14738.37,11826.92,40397.11,-597,-474,247,-5844,5960,15504,P
57725.12,17648.94,14738.37,11968.37,39608.54,-615,1545,3695,-5172,6328,15440,P
57382.08,17718.55,14796.12,12063.49,39608.54,2495,1773,1932,-6768,4160,20048,P
58421.05,17510.59,14796.12,11873.91,40800,-1660,1331,-300,-4876,6428,16140,P
54750,20275.86,27863.13,12304.27,26698.37,45,-474,-8,-6388,3720,16844,Q
54434.39,20114.41,27625,12450.81,27156.59,326,287,-590,-6820,4124,16784,Q
53811.66,20114.41,27625,12352.94,26811.99,114,84,-256,-6660,4092,16564,Q
54121.62,20034.25,27389.5,12401.79,26698.37,111,-92,-64,-6712,3992,16452,Q
52898.23,20034.25,27272.73,12549.37,26361.18,-876,-4831,-379,-6300,5468,15852,Q
56705.61,19638.82,27389.5,12900,25275.59,122,-556,-167,-6528,4920,16684,Q
55714.29,19483.14,27272.73,12748.64,24651.16,-44,-160,-307,-6532,5088,16472,Q
56705.61,19560.81,27156.59,12352.94,25381.58,341,-250,-169,-6432,5276,16044,Q
54750,19483.14,27156.59,12450.81,24960.94,284,-2573,575,-4932,5500,16864,Q
56041.67,19405.83,26926.23,12549.37,28842.86,179,-148,-113,-4740,5320,16976,Q
54750,19405.83,26811.99,12401.79,28347.46,38,308,-251,-5012,5484,16844,Q
54434.39,19405.83,26811.99,12500,28347.46,395,-633,-73,-5368,5060,16952,Q
54750,19328.86,26698.37,12450.81,26698.37,170,106,277,-5936,4412,16888,Q
54121.62,19328.86,26698.37,12401.79,27041.1,-192,5131,110,-8508,4952,15952,Q
54121.62,19175.95,26585.37,12450.81,27156.59,560,3365,535,-8268,4852,15600,Q
53811.66,19100,26585.37,12401.79,27625,-138,-2585,-266,-4624,3792,14324,Q
53811.66,19100,26361.18,12304.27,27863.13,-1228,3800,220,-10668,3572,14988,Q
53811.66,19100,26250,12401.79,27743.73,2557,1432,1158,-6788,3312,15096,Q
54121.62,19024.39,26250,12450.81,27983.19,2514,-14191,-3663,-9524,4476,12592,Q
53811.66,19100,26139.41,12401.79,28103.93,-253,-6545,-1781,-10372,3640,15924,Q
53811.66,19024.39,26139.41,12401.79,28103.93,-780,-10136,-2597,-8892,3860,14480,Q
53504.46,19024.39,26139.41,12352.94,28225.35,-748,8005,1640,-9236,3984,17108,Q
53811.66,19024.39,26139.41,12401.79,27272.73,1352,-979,-914,-7468,4008,14004,Q
43346.01,15937.5,12849.36,11686.96,46380,-279,198,-246,16020,572,4392,R
43125,15937.5,13155.96,11780.1,46626.5,231,-644,175,16140,212,4044,R
42687.97,15751.5,12698.56,11686.96,45413.38,1621,-399,-359,15712,-344,3916,R
42687.97,15813.25,12698.56,11733.45,44941.41,253,7,-161,16484,-108,3268,R
42687.97,15813.25,12748.64,11733.45,44708.17,253,-276,-205,16252,-500,3344,R
42044.61,15813.25,12698.56,11733.45,44708.17,-43,-79,-141,16276,-296,3464,R
42257.46,15813.25,12698.56,11733.45,44247.11,-632,190,-573,16372,-168,3484,R
42257.46,15813.25,12748.64,11733.45,44941.41,-148,-379,-161,16964,-700,2972,R
42471.91,15813.25,12798.91,11733.45,44708.17,-595,-55,-525,16356,564,3632,R
42257.46,15875.25,12748.64,11733.45,44476.74,103,-518,119,16776,-776,2840,R
42257.46,15813.25,12748.64,11780.1,44476.74,-492,47,-576,16152,84,3820,R
42471.91,15813.25,12748.64,11733.45,44476.74,570,-481,-228,16116,-504,3340,R
48937.5,17035.49,14117.65,12255.77,44708.17,806,129,-124,15600,-316,2800,R
50858.37,17718.55,13104.4,11826.92,46626.5,106,-501,2,16808,-368,3000,R
49746.84,17305.27,12849.36,11686.96,45176.47,-343,707,-216,17048,248,3060,R
46875,17510.59,13259.67,11873.91,48409.09,374,-466,-298,16196,-148,3396,R
44247.11,17035.49,13155.96,11873.91,46380,56,-324,-253,16496,-24,3512,R
45176.47,16968.75,13104.4,11826.92,46135.45,99,-183,-129,16428,232,3512,R
48409.09,17648.94,13104.4,11921.05,47125.5,1110,-106,-590,15940,-736,3228,R
44247.11,16902.29,13155.96,11873.91,45892.86,-266,85,237,16508,460,3692,R
44941.41,16902.29,13155.96,11873.91,45652.17,908,-1198,-747,15856,-696,3564,R
44941.41,16836.1,13416.67,11733.45,45652.17,4,-1015,115,16404,-268,3164,R
44941.41,16770.19,13259.67,11733.45,45413.38,341,-96,-204,16416,236,2640,R
59853.66,17929.18,24447.3,23750,52302.63,-206,-164,149,15716,-1208,4052,S
56372.09,17648.94,24245.52,23750,53504.46,-78,-555,-25,16472,272,4532,S
56041.67,17648.94,24245.52,24245.52,53200,7441,-3180,-969,16772,1360,3860,S
54121.62,17510.59,24045.8,23750,53504.46,-3363,895,-399,16692,1068,3256,S
54434.39,17510.59,24045.8,23555.27,53200,1570,-1162,307,15932,904,1320,S
53811.66,17510.59,24045.8,23555.27,53200,-4823,2166,210,16844,1444,2200,S
55068.49,17510.59,24045.8,23555.27,53504.46,-479,288,-491,15812,476,6328,S
53811.66,17510.59,23946.7,23458.65,53504.46,-611,-1097,284,16332,-120,5536,S
54121.62,17510.59,23946.7,23362.5,53811.66,100,-201,-292,16300,1012,6288,S
53504.46,17510.59,24045.8,23458.65,53504.46,845,-408,-499,15784,20,5344,S
53811.66,17510.59,23946.7,23266.83,53504.46,-129,-407,181,16420,604,5816,S
53811.66,17510.59,23946.7,23362.5,54434.39,275,133,-477,15764,260,5688,S
53811.66,17441.86,23848.1,24045.8,53504.46,-405,-482,-135,16440,632,5688,S
53504.46,17441.86,24045.8,23266.83,54434.39,543,66,-380,16412,444,2900,S
53200,17441.86,23946.7,23171.64,53811.66,278,60,-189,16352,596,2724,S
53504.46,17441.86,23848.1,23171.64,53504.46,288,-165,-159,16216,464,3552,S
52599.12,17441.86,23946.7,23171.64,53200,-73,-9,-597,16128,804,3456,S
53200,17441.86,23946.7,23362.5,53811.66,472,-638,-122,16284,-168,3476,S
53200,17441.86,23848.1,23266.83,52898.23,273,-420,-27,16808,1168,4036,S
53200,17441.86,23848.1,23076.92,53504.46,991,-321,-602,16044,-52,3224,S
49746.84,18214.29,24145.41,17237.39,37016.95,905,393,-37,16180,-3180,2692,T
49746.84,18142.55,24145.41,17373.42,37193.88,-395,-624,-336,15808,-3816,2728,T
49746.84,18142.55,24045.8,17237.39,37193.88,-95,-279,82,15876,-3780,3072,T
49205.02,17929.18,23848.1,17237.39,37913.79,166,-414,134,15396,-4544,2948,T
48937.5,17858.67,23652.39,17441.86,37913.79,2578,-965,-3326,15900,-4328,3244,T
48672.2,17858.67,23750,18000,37193.88,1087,-446,-118,15852,-3920,2916,T
49474.79,17858.67,23750,17718.55,36841.21,457,46,-330,16016,-2928,1912,T
50576.93,17788.46,23555.27,17510.59,36493.29,295,-280,46,16008,-3508,2368,T
50021.19,17858.67,23652.39,17441.86,35980.07,-401,-119,-806,16040,-2424,1928,T
48937.5,17788.46,23555.27,17373.42,36321.07,1120,-494,-479,15484,-3924,2428,T
48672.2,17788.46,23555.27,17305.27,36493.29,-204,-334,-115,16104,-2840,2080,T
48672.2,17788.46,24960.94,17305.27,36493.29,1174,-75,-991,15800,-4160,3068,T
48409.09,17788.46,23555.27,17102.51,36493.29,366,-576,561,16532,-3068,1972,T
48409.09,17718.55,23555.27,16968.75,35811.26,-295,-37,-631,15928,-3960,2536,T
48409.09,17718.55,23555.27,16968.75,36493.29,-363,-111,779,16740,-3428,2052,T
47889.34,17788.46,23652.39,16968.75,36493.29,-650,-289,-496,15948,-2636,2952,T
48148.15,17718.55,23555.27,16968.75,36150,1384,-281,-449,15360,-4456,2148,T
47632.65,17718.55,23458.65,16902.29,36150,349,-15,-239,16352,-2992,2196,T
48409.09,17718.55,23555.27,16968.75,36666.67,-313,-499,212,16112,-3864,2556,T
48409.09,17718.55,23458.65,16902.29,36150,295,-338,73,16032,-3464,1932,T
48409.09,17718.55,23555.27,16968.75,36150,-133,-504,-117,16168,-3712,2552,T
50576.93,18651.32,11686.96,11456.9,47632.65,474,-357,118,16024,-3516,2340,U
50576.93,18504.37,11826.92,11548.44,48409.09,88,140,227,16064,-3748,2240,U
50858.37,18431.37,11780.1,11502.59,47889.34,-575,-27,-927,15616,-3920,2200,U
50297.87,18577.68,11826.92,11548.44,49746.84,556,-366,480,16168,-3272,1880,U
52599.12,18725.27,11780.1,11548.44,50297.87,228,161,-145,16116,-4128,1708,U
51428.57,18577.68,11780.1,11594.46,49746.84,297,541,148,16028,-4060,1640,U
52008.73,18504.37,12015.85,11548.44,49474.79,356,-235,-733,15752,-3852,1236,U
51142.25,18431.37,11968.37,11594.46,49474.79,-336,-99,349,15972,-4116,1944,U
50021.19,18431.37,11968.37,11548.44,49205.02,306,-331,-358,15592,-4988,1492,U
50858.37,18431.37,11968.37,11548.44,48409.09,-81,10,-524,15984,-3220,1916,U
51142.25,18358.69,12015.85,11686.96,48937.5,260,-572,371,15688,-4664,1756,U
49746.84,18577.68,12063.49,11826.92,48672.2,222,222,130,15636,-4344,1620,U
49746.84,18286.34,12063.49,11594.46,48409.09,370,-199,-276,16008,-4064,996,U
50021.19,18286.34,12063.49,11594.46,48409.09,19,-399,-124,15996,-4444,1804,U
50858.37,18286.34,12063.49,11594.46,48409.09,308,-123,-77,15928,-4048,1272,U
50297.87,18358.69,12111.31,11594.46,48409.09,59,-586,-471,15936,-4172,1352,U
50021.19,18431.37,12111.31,11594.46,48409.09,24,-161,53,15996,-4336,1760,U
49746.84,18358.69,12111.31,11594.46,47632.65,280,-164,-452,15548,-4196,964,U
50021.19,18358.69,12159.29,11594.46,48148.15,-233,-466,-58,15792,-4332,2148,U
50021.19,18358.69,12111.31,11640.63,49205.02,128,-219,56,15872,-4076,1300,U
50858.37,18358.69,12111.31,11594.46,49474.79,20,-432,-274,15956,-4592,1392,U
49746.84,18286.34,12159.29,11594.46,48672.2,350,-268,-39,15904,-4052,1316,U
49746.84,18358.69,12207.45,11640.63,48672.2,-29,-382,-461,15652,-4200,1404,U
49205.02,18358.69,12159.29,11640.63,49205.02,-38,-376,89,15840,-4648,2056,U
59130.43,19175.95,12207.45,11548.44,48148.15,413,-194,-184,15496,-4396,3640,V
58774.04,19100,11826.92,11456.9,48672.2,489,443,527,15352,-4260,3792,V
59130.43,19100,12015.85,11456.9,48148.15,160,-2202,1278,15564,-4144,6100,V
57382.08,19024.39,11873.91,11365.98,48148.15,-341,-1242,-179,15420,-5100,3540,V
60965.34,19024.39,11921.05,11411.36,48937.5,465,-3336,-258,15612,-4916,3136,V
59853.66,19175.95,11968.37,11456.9,43793.11,566,1652,213,15572,-4116,3880,V
58774.04,18949.11,11968.37,11456.9,44708.17,355,413,-63,15800,-4352,3540,V
59490.29,18949.11,11968.37,11456.9,44941.41,-87,-399,-131,15792,-3900,3976,V
58774.04,18949.11,11968.37,11456.9,44941.41,189,-436,24,15996,-3808,4180,V
58421.05,18874.17,12063.49,11502.59,44941.41,-175,-821,-57,15580,-4364,3988,V
58421.05,18874.17,12063.49,11456.9,45652.17,332,-264,-81,15812,-3944,3996,V
58774.04,18874.17,12063.49,11456.9,45413.38,154,-94,137,15600,-4464,3864,V
58421.05,18874.17,12063.49,11456.9,44941.41,137,-208,-55,15612,-4168,4244,V
58071.43,18949.11,12063.49,11411.36,45652.17,126,20,-239,15796,-4228,3868,V
57725.12,18949.11,11733.45,11456.9,45413.38,-822,-808,-96,15628,-4384,3544,V
58774.04,18725.27,11640.63,11456.9,45652.17,9,6,-176,15776,-4280,4524,V
57725.12,18725.27,11594.46,11456.9,45652.17,-1422,315,-901,15888,-3772,4088,V
57725.12,18651.32,11640.63,11411.36,45413.38,-221,-760,261,15648,-3924,4144,V
57382.08,18725.27,11640.63,11411.36,46135.45,-486,325,-36,15844,-3956,4560,V
57725.12,18504.37,11548.44,11365.98,46135.45,105,-418,-33,16220,-3704,4908,V
57725.12,18577.68,11548.44,11411.36,46135.45,256,-344,239,15768,-4068,4924,V
57725.12,18431.37,11548.44,11411.36,46380,407,-483,-75,15404,-4328,4588,V
57382.08,18431.37,11548.44,11456.9,46380,648,-295,-294,15400,-4256,4560,V
56705.61,18504.37,11594.46,11411.36,46135.45,364,-311,-114,15380,-4816,4548,V
55389.91,8571.43,11594.46,11456.9,51717.39,386,12,-24,15592,-4416,6796,W
55068.49,8571.43,11640.63,11456.9,51142.25,641,-639,-1655,13880,-6648,5720,W
54750,8571.43,11594.46,11411.36,52898.23,426,55,-198,15144,-4236,6496,W
54750,8463.3,11456.9,11365.98,54121.62,415,-90,22,15252,-3868,6272,W
54750,8463.3,11456.9,11456.9,53811.66,1371,-335,-784,14916,-5352,7028,W
55389.91,8499.23,11548.44,11456.9,52302.63,-1599,3107,-1544,15656,-2660,7012,W
50576.93,8499.23,11548.44,11411.36,48409.09,334,-477,-484,15068,-3632,7028,W
51717.39,8535.28,11548.44,11456.9,48148.15,-739,626,-944,15148,-4652,4804,W
54121.62,8463.3,11502.59,11365.98,50297.87,326,864,-532,15080,-3820,7396,W
50021.19,8463.3,11548.44,11411.36,50297.87,-340,-337,-337,15324,-3892,7180,W
50576.93,8535.28,11502.59,11456.9,51142.25,2153,-694,159,15064,-3940,6536,W
50297.87,8571.43,11548.44,11365.98,51428.57,103,18,629,15660,-3672,9668,W
50297.87,8571.43,11548.44,11411.36,50576.93,2462,275,96,15124,-3660,8064,W
50297.87,8571.43,11548.44,11365.98,49746.84,420,-1164,495,15364,-1292,9192,W
50021.19,8571.43,11594.46,11456.9,50021.19,1404,-3101,1245,14460,-4056,8956,W
50021.19,8680.55,11594.46,11456.9,49474.79,1516,-2943,1283,15064,-4468,9408,W
49746.84,8680.55,11594.46,11456.9,49746.84,1816,-3087,295,14700,-5660,6556,W
50297.87,8644.07,11548.44,11411.36,49746.84,1212,-3233,524,14188,-4060,9528,W
49205.02,8644.07,11548.44,11411.36,49205.02,118,-3368,87,14684,-4380,7468,W
48937.5,8680.55,11548.44,11411.36,48937.5,-743,-191,-247,14968,-3664,8156,W
48937.5,8680.55,11548.44,11365.98,50297.87,246,80,-251,14684,-4476,7052,W
49746.84,8680.55,11548.44,11365.98,49474.79,-250,-121,-63,15256,-4336,7988,W
49205.02,8717.16,11548.44,11456.9,49474.79,-199,511,36,14764,-4332,8080,W
42044.61,17929.18,24960.94,19795.92,47632.65,2,371,-571,15184,-4192,6428,X
42044.61,17929.18,24960.94,20438.8,47378.05,-341,-720,-40,16124,-3588,7984,X
42044.61,17929.18,25275.59,21105.88,47378.05,284,197,-355,15132,-3632,6940,X
41833.33,17858.67,24960.94,20852.8,46380,35,-642,6,15148,-3968,7264,X
41833.33,17858.67,24960.94,20686.05,46135.45,5,-237,14,15448,-3852,7628,X
41833.33,17858.67,24857.14,20520.83,46626.5,395,2,-202,15016,-4196,6768,X
41833.33,17858.67,24857.14,20520.83,46875,450,-197,-524,15132,-4272,6244,X
41623.61,17858.67,24753.88,20603.25,46626.5,-21,504,-878,15384,-2936,7820,X
42044.61,17788.46,24753.88,20357.14,46875,361,-222,-342,15048,-5188,5576,X
42687.97,17788.46,24651.16,20357.14,46135.45,368,-1076,164,15280,-1572,9124,X
42257.46,17858.67,24960.94,20520.83,46626.5,760,750,-1300,14868,-5448,5476,X
42257.46,17788.46,24753.88,20357.14,46875,-153,-1396,629,15128,-4984,5784,X
42471.91,17788.46,24651.16,20275.86,46135.45,-93,-917,634,15560,-1500,8328,X
42257.46,17788.46,24651.16,20275.86,46380,-442,1320,-1742,15148,-2440,7620,X
42257.46,18214.29,24651.16,20034.25,47632.65,268,-736,515,15876,-1648,8744,X
42687.97,17788.46,24651.16,19954.44,46626.5,-170,1346,-1454,15268,-3616,6628,X
42257.46,17788.46,24548.97,19954.44,45652.17,342,-6,-268,15028,-4920,5744,X
42257.46,17788.46,24651.16,20769.23,45892.86,98,-883,179,15576,-3728,6420,X
42905.66,17788.46,24651.16,20114.41,45892.86,529,-531,-223,15160,-3140,7224,X
42471.91,17858.67,24753.88,19560.81,45892.86,-315,269,-350,15396,-3144,6796,X
42257.46,17858.67,24651.16,19483.14,46626.5,-387,280,-638,15236,-1676,8076,X
30000,16902.29,24245.52,23076.92,25488.13,578,377,-624,16092,-2256,5340,Y
30000,16968.75,23848.1,22982.67,26029.41,402,935,-67,16304,-2288,3472,Y
29349.71,16902.29,23750,23076.92,24857.14,-860,-2343,-479,15760,-2496,6924,Y
28347.46,16574.07,23266.83,22426.83,24447.3,328,-684,-252,15764,-2668,5504,Y
28225.35,16639.18,23171.64,22610.29,25381.58,-143,70,-672,15816,-3240,5148,Y
28225.35,16574.07,23076.92,22426.83,24651.16,282,-494,-538,15736,-2388,5168,Y
31641.34,18214.29,25381.58,23266.83,24045.8,-480,-919,-364,16120,-2844,5200,Y
30399.41,17510.59,24346.15,22610.29,24145.41,105,-138,-196,16036,-2928,4676,Y
31500,17648.94,24245.52,22335.77,24245.52,-58,-15,-163,16032,-2744,4532,Y
30669.64,17373.42,24145.41,22426.83,24245.52,-61,-337,609,16156,-3736,6208,Y
31081.08,17305.27,23848.1,22335.77,24245.52,1172,1103,-43,16244,-1932,4656,Y
30399.41,17305.27,23946.7,22426.83,24548.97,1025,-974,153,16424,-3084,1880,Y
30534.13,17305.27,23848.1,22335.77,24548.97,-484,-1380,-166,16124,-2752,4084,Y
29607.56,17305.27,23848.1,23266.83,24346.15,396,-1143,702,15732,-2932,4704,Y
30132.36,17305.27,23555.27,23076.92,24651.16,-171,444,-1453,16156,-1772,4944,Y
30000,17237.39,23848.1,23076.92,24960.94,-125,-115,-366,16000,-2488,4616,Y
29737.61,17305.27,23848.1,22982.67,24346.15,183,-161,-59,15816,-2936,4532,Y
30000,17237.39,23848.1,22982.67,24548.97,130,-436,-146,15976,-2132,5364,Y
30132.36,17237.39,24245.52,22982.67,24346.15,262,-288,-584,15836,-2804,4884,Y
30000,17305.27,23750,22982.67,24753.88,-370,-39,-1034,16392,-3184,3292,Y
30000,17237.39,23750,22426.83,24548.97,-4970,4554,-2101,15304,-1448,6120,Y